3 3
0 2 0
1 0 5
3 2 0

3 3
1 0 0
1 0 0
2 4 0

1 1 8
1 2 0
1 3 8
2 1 8
2 2 0
2 3 8
3 1 8
3 2 0
3 3 8

y

4 4
0 0 0 0
1 0 5 0
0 0 0 2
3 0 0 0

4 4
1 0 5 0
0 0 0 0
0 0 0 0
3 2 0 0

1 1 8
1 2 0
2 2 3
2 4 7
3 3 8
3 4 0
3 2 8
4 1 8
4 4 0

y

12 15
0 2 0 0 0 3 2 0 0 0 4 1 2 3 1 
0 0 0 0 0 0 0 0 0 0 0 0 0 0 2 
0 1 0 0 0 0 0 0 0 0 0 0 0 0 0 
0 0 0 0 0 0 0 0 0 0 0 0 0 0 0 
0 3 4 0 0 0 0 1 2 3 1 0 0 1 2 
4 3 0 1 2 1 1 0 3 2 0 4 1 0 0 
0 0 0 0 0 0 0 0 0 0 0 0 0 0 0 
1 3 0 0 0 2 1 0 1 4 0 0 0 0 0 
0 0 4 3 0 2 1 1 0 1 0 0 2 0 3 
1 0 0 0 0 0 0 0 0 0 0 0 0 0 0 
0 0 2 3 1 1 2 0 0 0 1 3 2 4 0 
0 1 0 0 2 1 3 2 1 0 4 1 2 3 0 

12 15
2 0 0 0 1 1 2 0 4 0 0 1 0 1 0 
0 0 2 0 0 3 1 1 0 0 0 0 0 0 2 
0 0 0 0 0 0 0 0 0 0 0 0 0 0 0 
4 0 0 0 0 0 1 0 4 0 2 3 0 1 1 
0 0 0 0 0 3 1 0 0 0 1 4 0 3 1 
0 0 0 0 0 1 0 0 0 0 0 0 0 0 0 
0 0 2 0 0 1 0 0 0 0 0 3 0 4 0 
0 0 1 0 0 0 0 4 2 0 1 0 0 4 1 
0 0 0 0 0 0 0 0 0 0 0 0 0 0 2 
1 0 0 0 0 0 0 0 0 0 0 0 0 0 0 
2 0 0 0 0 4 1 2 0 0 0 0 0 3 0 
0 0 0 0 0 1 4 3 2 0 1 4 2 0 0 

1 1 8
1 8 8
1 15 8
8 1 0
8 7 8
8 15 0
12 1 8
12 7 0
12 15 8

n

